1000000024
1000000037
1000001339
1000001417
1000002086
1000004305
1000004749
1000005366
1000007458
1000008613
1000010772
1000010874
1000014450
1000020311
1000024176
1000024630
1000025933
1000026033
1000026034
1000026035
1000026278
1000028145
1000028837
1000028838
1000038990
1000038991
1000042676
1000042755
1000042760
1000043351
1000044580
1000044675
1000044851
1000045320
1000045551
1000047779
1000049266
1000049280
1000050150
1000053336
1000054397
1000054398
1000055847
1000060374
1000060507
1000061090
1000067254
1000068360
1000069186
1000070802
1000074594
1000074596
1000074820
1000075879
1000077921
1000077922
1000080491
1000082673
1000083438
1000084543
1000085723
1000091049
1000091091
1000091112
1000091365
1000092453
1000094319
1000094335
1000095217
1000096938
1000098853
1000099148
1000100681
1000103212
1000103256
1000103269
1000103270
1000103395
1000103832
1000105781
1000105814
1000105826
1000106714
1000108190
1000111381
1000112717
1000113319
1000114287
1000115873
1000116863
1000120421
1000121981
1000121983
1000123047
1000123094
1000123274
1000124087
1000124088
1000124260
1000124687
1000125902
1000125949
1000129412
1000130015
1000130281
1000132304
1000132720
1000132721
1000132722
1000133073
1000133075
1000133897
1000133899
1000133904
1000133905
1000134025
1000134180
1000134860
1000134867
1000139077
1000139974
1000141524
1000142637
1000145527
1000147867
1000150691
1000150692
1000154300
1000155249
1000155250
1000155547
1000157886
1000158265
1000159406
1000160649
1000161650
1000162387
1000163498
1000164432
1000164877
1000166892
1000166893
1000166898
1000167488
1000168040
1000169516
1000169989
1000170628
1000171501
1000172020
1000172683
1000172771
1000173295
1000173673
1000173678
1000173681
1000177568
1000178608
1000178675
1000181324
1000182566
1000184074
1000185609
1000185829
1000188796
1000189689
1000189690
1000189954
1000191329
1000191499
1000191553
1000191554
1000193728
1000195417
1000196139
1000196356
1000196357
1000196446
1000197051
1000197754
1000198592
1000199671
1000199906
1000200038
1000200131
1000200136
1000200137
1000200138
1000200139
1000200952
1000201981
1000204215
1000204489
1000204962
1000204998
1000205808
1000205810
1000207943
1000207946
1000209154
1000209155
1000209323
1000209914
1000209916
1000213017
1000213627
1000218911
1000221227
1000221228
1000221483
1000221944
1000221945
1000221974
1000223236
1000226843
1000227112
1000227113
1000227827
1000229406
1000230157
1000230158
1000232964
1000233912
1000233914
1000234150
1000234168
1000234241
1000234242
1000235076
1000235529
1000235530
1000235861
1000236724
1000237799
1000237802
1000237803
1000238579
1000238580
1000239476
1000241683
1000241684
1000242688
1000243465
1000243466
1000243467
1000244517
1000244518
1000244718
1000245587
1000245682
1000246714
1000247413
1000247424
1000247425
1000247426
1000247430
1000247436
1000248941
1000251361
1000252482
1000252494
1000253012
1000253373
1000255238
1000257386
1000258091
1000260980
1000260981
1000260982
1000261459
1000262689
1000262691
1000263564
1000263930
1000263931
1000274157
1000274160
1000274266
1000274590
1000276951
1000279361
1000279362
1000280019
1000280226
1000280471
1000281378
1000281379
1000281380
1000281381
1000281384
1000281719
1000281728
1000281730
1000283391
1000283835
1000285160
1000285862
1000285892
1000286457
1000286599
1000289563
1000290292
1000291200
1000291202
1000293232
1000293233
1000293943
1000293944
1000295005
1000295318
1000297384
1000299363
1000300589
1000300590
1000300591
1000300808
1000300809
1000300938
1000303290
1000304875
1000304878
1000304889
1000306268
1000310924
1000312705
1000312999
1000314030
1000315011
1000315012
1000315015
1000315167
1000316826
1000317519
1000319253
1000319750
1000319912
1000320253
1000321478
1000321479
1000324421
1000325421
1000325989
1000328475
1000329562
1000331334
1000332232
1000336283
1000337997
1000342956
1000344161
1000345179
1000347913
1000347914
1000347915
1000347916
1000347918
1000348209
1000349081
1000350119
1000350120
1000351107
1000351963
1000351986
1000351991
1000352010
1000352171
1000353772
1000353779
1000355207
1000355208
1000355209
1000355210
1000356764
1000357767
1000357772
1000359708
1000361177
1000361178
1000366011
1000370715
1000372341
1000373572
1000377017
1000377208
1000377230
1000377231
1000377234
1000378237
1000378353
1000380104
1000380105
1000380880
1000381734
1000381831
1000381865
1000381868
1000381874
1000382040
1000382456
1000382693
1000382719
1000383848
1000384998
1000385774
1000386361
1000388873
1000388968
1000389336
1000390266
1000390269
1000391631
1000391914
1000391915
1000391920
1000392404
1000392405
1000392406
1000392407
1000392408
1000392409
1000393512
1000393803
1000393805
1000394082
1000394152
1000396583
1000396585
1000396952
1000399003
1000399540
1000400060
1000408327
1000413092
1000413839
1000413874
1000418489
1000418865
1000418866
1000421910
1000422022
1000422088
1000424365
1000425618
1000425665
1000425982
1000425983
1000426315
1000427316
1000429362
1000429363
1000429611
1000438280
1000438281
1000438900
1000438901
1000439131
1000439332
1000439439
1000441044
1000442634
1000443067
1000443092
1000443438
1000443923
1000444098
1000444273
1000447364
1000447945
1000448838
1000448840
1000448942
1000449469
1000449470
1000449471
1000449472
1000449795
1000449798
1000450029
1000451007
1000451040
1000452893
1000453543
1000453545
1000453548
1000453574
1000453582
1000453615
1000453616
1000453807
1000453996
1000454115
1000454181
1000454183
1000454193
1000454353
1000454947
1000455259
1000455261
1000455266
1000456359
1000456658
1000456874
1000457505
1000457783
1000457785
1000458027
1000458276
1000458417
1000458910
1000458931
1000459302
1000459357
1000459604
1000460422
1000460424
1000460426
1000461291
1000462148
1000463746
1000467181
1000468178
1000470233
1000472887
1000472888
1000473068
1000475711
1000476323
1000477933
1000477934
1000477935
1000478070
1000480089
1000480090
1000480091
1000480095
1000480157
1000480727
1000483016
1000483257
1000483413
1000484918
1000487457
1000487750
1000488768
1000489987
1000495286
1000495821
1000496972
1000497219
1000497283
1000497664
1000497666
1000499511
1000500567
1000500896
1000500897
1000500898
1000500899
1000507592
1000507595
1000508064
1000511842
1000511933
1000514094
1000514314
1000515035
1000515036
1000515037
1000515639
1000515964
1000516562
1000517047
1000518149
1000519870
1000520586
1000520589
1000520743
1000521049
1000521051
1000521052
1000521382
1000521986
1000522164
1000522195
1000523145
1000523146
1000523147
1000523149
1000524036
1000524037
1000524509
1000524879
1000526748
1000526980
1000527924
1000528451
1000528454
1000528455
1000529038
1000529047
1000529048
1000529247
1000533445
1000535826
1000536177
1000536181
1000538107
1000542496
1000542706
1000546614
1000546616
1000546617
1000546618
1000547146
1000547158
1000549328
1000549333
1000549335
1000549947
1000549992
1000550591
1000550679
1000551158
1000551517
1000552022
1000552048
1000552053
1000552738
1000552739
1000552766
1000553063
1000553976
1000554183
1000554184
1000555486
1000556936
1000557479
1000560589
1000561305
1000561589
1000561685
1000562344
1000564322
1000564325
1000564990
1002400010
1006040049
1006040128
1006040130
1006040135
1011090016
1012190016
1013910009
1013910015
1015728803
1015782703
1016090001
1016090006
1016090007
1016090029
1016300004
1016300011
1019990016
1019990137
1019990286
1020070002
1020070608
1020070620
1020070738
1020071110
1020181202
1034350106
1040120120
1041640014
1041640039
1051690031
1054980046
1056100064
1056470092
1056470110
1056470111
1056470116
1058300017
1059800007
1059991935
1080270066
1081550108
1100000014
1101050007
1101050010
1104800013
1105930017
1106080007
1106090196
1106100071
1106100226
1106100260
1109560034
1111690041
1115930114
1119991010
1119991011
1119991012
1119991013
1119992288
1121690033
1121692028
1121692059
1129992353
1131550304
1661500010
1661500013
2001050014
2001050046
2001280042
2001280043
2003100079
2003100084
2003100341
2005950062
2006050033
2006090014
2006090069
2006090093
2006090183
2006090192
2006090222
2006110068
2006960003
2009890006
2009890038
2009960311
2009960318
2009960323
2009960333
2009990107
2009990185
2400015769
2400017173
2400040010
3113530008
4000004593
4000023187
4000030020
4000031569
4000034204
4000034766
4000036664
4000042247
4000042251
4000042254
4000045748
4000046905
4000046908
4000046925
4000047185
4000047211
4000047226
4000047318
4000048532
4000053354
4000053873
4000055380
4000057242
4000058644
4000060654
4000060656
4000069125
4000069129
4000069242
4000072776
4000072789
4000072844
4000072846
4000073502
4000075483
4000078806
4000079732
4000080772
4000083518
4000083757
4000084213
4000084628
4000085367
4000086225
4000086794
4000087330
4000087837
4000087975
4000088734
4000088887
4000088921
4000088959
4000089594
4000089686
4000090656
4000090719
4000090723
4000091729
4000092930
4000093380
4000093509
4000093980
4000093995
4000094108
4000094113
4000094114
4000094117
4000094128
4000094377
4000095092
4000095203
4000098339
4000100778
4000101238
4000102330
4000103203
4000103499
4000103500
4000104288
4000104301
4000108113
4000109250
4000109378
4000109379
4000109383
5011121906
5011198101
5011198112
5011199938
5013995004
6949990375
6949990385
6949995048
7700000887
7700001937
8000000036
8000000066
8000000285
8000000344
8000000545
8000001031
8000001033
8000001242
8000001275
8000001483
8000001928
8000002064
8000002071
8000004925
8000004927
8000005021
8000005051
8000005053
8000005054
8000005055
8000005056
8000005059
8000005765
8000008585
8000008587
8000009018
8000009019
8000009021
8000009025
8000009031
8000009037
8000009395
8000010688
8000011117
8000011151
8000011446
8000012349
8000012666
8000012672
8000012674
8000012675
8000012677
8000012686
8000012692
8000012840
8000012842
8000013511
8000013513
8000014860
8000015620
8134730138
8410000077
8410000084
8410000092
8514520021
9157288006
9419660109
9419660562
